0		0
0.0306122		0
0.0612245		0
0.0918367		0
0.122449		0
0.153061		0
0.183673		0
0.214286		0
0.244898		0
0.27551		0
0.306122		0
0.336735		0
0.367347		0
0.397959		0
0.428571		0
0.459184		0
0.489796		0
0.520408		0
0.55102		0
0.581633		0
0.612245		0
0.642857		0
0.673469		0
0.704082		0
0.734694		0
0.765306		0
0.795918		0
0.826531		0
0.857143		0
0.887755		0
0.918367		0
0.94898		0
0.979592		0
1.0102		0
1.04082		0
1.07143		0
1.10204		0
1.13265		0
1.16327		0
1.19388		0
1.22449		0
1.2551		0
1.28571		0
1.31633		0
1.34694		0
1.37755		0
1.40816		0
1.43878		0
1.46939		0
1.5		0
1.51		0.0057735
1.52		0.011547
1.53		0.0173205
1.54		0.023094
1.55		0.0288675
1.56		0.034641
1.57		0.0404145
1.58		0.046188
1.59		0.0519615
1.6		0.057735
1.61		0.0635085
1.62		0.069282
1.63		0.0750555
1.64		0.080829
1.65		0.0866025
1.66		0.092376
1.67		0.0981495
1.68		0.103923
1.69		0.109697
1.7		0.11547
1.71		0.121244
1.72		0.127017
1.73		0.132791
1.74		0.138564
1.75		0.144338
1.76		0.150111
1.77		0.155885
1.78		0.161658
1.79		0.167432
1.8		0.173205
1.81		0.178979
1.82		0.184752
1.83		0.190526
1.84		0.196299
1.85		0.202073
1.86		0.207846
1.87		0.21362
1.88		0.219393
1.89		0.225167
1.9		0.23094
1.91		0.236714
1.92		0.242487
1.93		0.248261
1.94		0.254034
1.95		0.259808
1.96		0.265581
1.97		0.271355
1.98		0.277128
1.99		0.282902
2		0.288675
0		0.0206897
0.0306122		0.0206897
0.0612245		0.0206897
0.0918367		0.0206897
0.122449		0.0206897
0.153061		0.0206897
0.183673		0.0206897
0.214286		0.0206897
0.244898		0.0206897
0.27551		0.0206897
0.306122		0.0206897
0.336735		0.0206897
0.367347		0.0206897
0.397959		0.0206897
0.428571		0.0206897
0.459184		0.0206897
0.489796		0.0206897
0.520408		0.0206897
0.55102		0.0206897
0.581633		0.0206897
0.612245		0.0206897
0.642857		0.0206897
0.673469		0.0206897
0.704082		0.0206897
0.734694		0.0206897
0.765306		0.0206897
0.795918		0.0206897
0.826531		0.0206897
0.857143		0.0206897
0.887755		0.0206897
0.918367		0.0206897
0.94898		0.0206897
0.979592		0.0206897
1.0102		0.0206897
1.04082		0.0206897
1.07143		0.0206897
1.10204		0.0206897
1.13265		0.0206897
1.16327		0.0206897
1.19388		0.0206897
1.22449		0.0206897
1.2551		0.0206897
1.28571		0.0206897
1.31633		0.0206897
1.34694		0.0206897
1.37755		0.0206897
1.40816		0.0206897
1.43878		0.0206897
1.46939		0.0206897
1.5		0.0206897
1.51		0.0262641
1.52		0.0318385
1.53		0.0374129
1.54		0.0429873
1.55		0.0485617
1.56		0.0541362
1.57		0.0597106
1.58		0.065285
1.59		0.0708594
1.6		0.0764338
1.61		0.0820082
1.62		0.0875827
1.63		0.0931571
1.64		0.0987315
1.65		0.104306
1.66		0.10988
1.67		0.115455
1.68		0.121029
1.69		0.126604
1.7		0.132178
1.71		0.137752
1.72		0.143327
1.73		0.148901
1.74		0.154476
1.75		0.16005
1.76		0.165624
1.77		0.171199
1.78		0.176773
1.79		0.182348
1.8		0.187922
1.81		0.193497
1.82		0.199071
1.83		0.204645
1.84		0.21022
1.85		0.215794
1.86		0.221369
1.87		0.226943
1.88		0.232517
1.89		0.238092
1.9		0.243666
1.91		0.249241
1.92		0.254815
1.93		0.26039
1.94		0.265964
1.95		0.271538
1.96		0.277113
1.97		0.282687
1.98		0.288262
1.99		0.293836
2		0.29941
0		0.0413793
0.0306122		0.0413793
0.0612245		0.0413793
0.0918367		0.0413793
0.122449		0.0413793
0.153061		0.0413793
0.183673		0.0413793
0.214286		0.0413793
0.244898		0.0413793
0.27551		0.0413793
0.306122		0.0413793
0.336735		0.0413793
0.367347		0.0413793
0.397959		0.0413793
0.428571		0.0413793
0.459184		0.0413793
0.489796		0.0413793
0.520408		0.0413793
0.55102		0.0413793
0.581633		0.0413793
0.612245		0.0413793
0.642857		0.0413793
0.673469		0.0413793
0.704082		0.0413793
0.734694		0.0413793
0.765306		0.0413793
0.795918		0.0413793
0.826531		0.0413793
0.857143		0.0413793
0.887755		0.0413793
0.918367		0.0413793
0.94898		0.0413793
0.979592		0.0413793
1.0102		0.0413793
1.04082		0.0413793
1.07143		0.0413793
1.10204		0.0413793
1.13265		0.0413793
1.16327		0.0413793
1.19388		0.0413793
1.22449		0.0413793
1.2551		0.0413793
1.28571		0.0413793
1.31633		0.0413793
1.34694		0.0413793
1.37755		0.0413793
1.40816		0.0413793
1.43878		0.0413793
1.46939		0.0413793
1.5		0.0413793
1.51		0.0467546
1.52		0.05213
1.53		0.0575053
1.54		0.0628806
1.55		0.068256
1.56		0.0736313
1.57		0.0790066
1.58		0.084382
1.59		0.0897573
1.6		0.0951326
1.61		0.100508
1.62		0.105883
1.63		0.111259
1.64		0.116634
1.65		0.122009
1.66		0.127385
1.67		0.13276
1.68		0.138135
1.69		0.143511
1.7		0.148886
1.71		0.154261
1.72		0.159637
1.73		0.165012
1.74		0.170387
1.75		0.175763
1.76		0.181138
1.77		0.186513
1.78		0.191889
1.79		0.197264
1.8		0.202639
1.81		0.208015
1.82		0.21339
1.83		0.218765
1.84		0.224141
1.85		0.229516
1.86		0.234891
1.87		0.240267
1.88		0.245642
1.89		0.251017
1.9		0.256393
1.91		0.261768
1.92		0.267143
1.93		0.272519
1.94		0.277894
1.95		0.283269
1.96		0.288644
1.97		0.29402
1.98		0.299395
1.99		0.30477
2		0.310146
0		0.062069
0.0306122		0.062069
0.0612245		0.062069
0.0918367		0.062069
0.122449		0.062069
0.153061		0.062069
0.183673		0.062069
0.214286		0.062069
0.244898		0.062069
0.27551		0.062069
0.306122		0.062069
0.336735		0.062069
0.367347		0.062069
0.397959		0.062069
0.428571		0.062069
0.459184		0.062069
0.489796		0.062069
0.520408		0.062069
0.55102		0.062069
0.581633		0.062069
0.612245		0.062069
0.642857		0.062069
0.673469		0.062069
0.704082		0.062069
0.734694		0.062069
0.765306		0.062069
0.795918		0.062069
0.826531		0.062069
0.857143		0.062069
0.887755		0.062069
0.918367		0.062069
0.94898		0.062069
0.979592		0.062069
1.0102		0.062069
1.04082		0.062069
1.07143		0.062069
1.10204		0.062069
1.13265		0.062069
1.16327		0.062069
1.19388		0.062069
1.22449		0.062069
1.2551		0.062069
1.28571		0.062069
1.31633		0.062069
1.34694		0.062069
1.37755		0.062069
1.40816		0.062069
1.43878		0.062069
1.46939		0.062069
1.5		0.062069
1.51		0.0672452
1.52		0.0724215
1.53		0.0775977
1.54		0.0827739
1.55		0.0879502
1.56		0.0931264
1.57		0.0983027
1.58		0.103479
1.59		0.108655
1.6		0.113831
1.61		0.119008
1.62		0.124184
1.63		0.12936
1.64		0.134536
1.65		0.139713
1.66		0.144889
1.67		0.150065
1.68		0.155241
1.69		0.160418
1.7		0.165594
1.71		0.17077
1.72		0.175946
1.73		0.181123
1.74		0.186299
1.75		0.191475
1.76		0.196651
1.77		0.201828
1.78		0.207004
1.79		0.21218
1.8		0.217356
1.81		0.222533
1.82		0.227709
1.83		0.232885
1.84		0.238061
1.85		0.243237
1.86		0.248414
1.87		0.25359
1.88		0.258766
1.89		0.263942
1.9		0.269119
1.91		0.274295
1.92		0.279471
1.93		0.284647
1.94		0.289824
1.95		0.295
1.96		0.300176
1.97		0.305352
1.98		0.310529
1.99		0.315705
2		0.320881
0		0.0827586
0.0306122		0.0827586
0.0612245		0.0827586
0.0918367		0.0827586
0.122449		0.0827586
0.153061		0.0827586
0.183673		0.0827586
0.214286		0.0827586
0.244898		0.0827586
0.27551		0.0827586
0.306122		0.0827586
0.336735		0.0827586
0.367347		0.0827586
0.397959		0.0827586
0.428571		0.0827586
0.459184		0.0827586
0.489796		0.0827586
0.520408		0.0827586
0.55102		0.0827586
0.581633		0.0827586
0.612245		0.0827586
0.642857		0.0827586
0.673469		0.0827586
0.704082		0.0827586
0.734694		0.0827586
0.765306		0.0827586
0.795918		0.0827586
0.826531		0.0827586
0.857143		0.0827586
0.887755		0.0827586
0.918367		0.0827586
0.94898		0.0827586
0.979592		0.0827586
1.0102		0.0827586
1.04082		0.0827586
1.07143		0.0827586
1.10204		0.0827586
1.13265		0.0827586
1.16327		0.0827586
1.19388		0.0827586
1.22449		0.0827586
1.2551		0.0827586
1.28571		0.0827586
1.31633		0.0827586
1.34694		0.0827586
1.37755		0.0827586
1.40816		0.0827586
1.43878		0.0827586
1.46939		0.0827586
1.5		0.0827586
1.51		0.0877358
1.52		0.0927129
1.53		0.0976901
1.54		0.102667
1.55		0.107644
1.56		0.112622
1.57		0.117599
1.58		0.122576
1.59		0.127553
1.6		0.13253
1.61		0.137507
1.62		0.142485
1.63		0.147462
1.64		0.152439
1.65		0.157416
1.66		0.162393
1.67		0.16737
1.68		0.172347
1.69		0.177325
1.7		0.182302
1.71		0.187279
1.72		0.192256
1.73		0.197233
1.74		0.20221
1.75		0.207188
1.76		0.212165
1.77		0.217142
1.78		0.222119
1.79		0.227096
1.8		0.232073
1.81		0.237051
1.82		0.242028
1.83		0.247005
1.84		0.251982
1.85		0.256959
1.86		0.261936
1.87		0.266913
1.88		0.271891
1.89		0.276868
1.9		0.281845
1.91		0.286822
1.92		0.291799
1.93		0.296776
1.94		0.301754
1.95		0.306731
1.96		0.311708
1.97		0.316685
1.98		0.321662
1.99		0.326639
2		0.331616
0		0.103448
0.0306122		0.103448
0.0612245		0.103448
0.0918367		0.103448
0.122449		0.103448
0.153061		0.103448
0.183673		0.103448
0.214286		0.103448
0.244898		0.103448
0.27551		0.103448
0.306122		0.103448
0.336735		0.103448
0.367347		0.103448
0.397959		0.103448
0.428571		0.103448
0.459184		0.103448
0.489796		0.103448
0.520408		0.103448
0.55102		0.103448
0.581633		0.103448
0.612245		0.103448
0.642857		0.103448
0.673469		0.103448
0.704082		0.103448
0.734694		0.103448
0.765306		0.103448
0.795918		0.103448
0.826531		0.103448
0.857143		0.103448
0.887755		0.103448
0.918367		0.103448
0.94898		0.103448
0.979592		0.103448
1.0102		0.103448
1.04082		0.103448
1.07143		0.103448
1.10204		0.103448
1.13265		0.103448
1.16327		0.103448
1.19388		0.103448
1.22449		0.103448
1.2551		0.103448
1.28571		0.103448
1.31633		0.103448
1.34694		0.103448
1.37755		0.103448
1.40816		0.103448
1.43878		0.103448
1.46939		0.103448
1.5		0.103448
1.51		0.108226
1.52		0.113004
1.53		0.117782
1.54		0.122561
1.55		0.127339
1.56		0.132117
1.57		0.136895
1.58		0.141673
1.59		0.146451
1.6		0.151229
1.61		0.156007
1.62		0.160785
1.63		0.165563
1.64		0.170341
1.65		0.175119
1.66		0.179897
1.67		0.184675
1.68		0.189454
1.69		0.194232
1.7		0.19901
1.71		0.203788
1.72		0.208566
1.73		0.213344
1.74		0.218122
1.75		0.2229
1.76		0.227678
1.77		0.232456
1.78		0.237234
1.79		0.242012
1.8		0.24679
1.81		0.251568
1.82		0.256347
1.83		0.261125
1.84		0.265903
1.85		0.270681
1.86		0.275459
1.87		0.280237
1.88		0.285015
1.89		0.289793
1.9		0.294571
1.91		0.299349
1.92		0.304127
1.93		0.308905
1.94		0.313683
1.95		0.318461
1.96		0.32324
1.97		0.328018
1.98		0.332796
1.99		0.337574
2		0.342352
0		0.124138
0.0306122		0.124138
0.0612245		0.124138
0.0918367		0.124138
0.122449		0.124138
0.153061		0.124138
0.183673		0.124138
0.214286		0.124138
0.244898		0.124138
0.27551		0.124138
0.306122		0.124138
0.336735		0.124138
0.367347		0.124138
0.397959		0.124138
0.428571		0.124138
0.459184		0.124138
0.489796		0.124138
0.520408		0.124138
0.55102		0.124138
0.581633		0.124138
0.612245		0.124138
0.642857		0.124138
0.673469		0.124138
0.704082		0.124138
0.734694		0.124138
0.765306		0.124138
0.795918		0.124138
0.826531		0.124138
0.857143		0.124138
0.887755		0.124138
0.918367		0.124138
0.94898		0.124138
0.979592		0.124138
1.0102		0.124138
1.04082		0.124138
1.07143		0.124138
1.10204		0.124138
1.13265		0.124138
1.16327		0.124138
1.19388		0.124138
1.22449		0.124138
1.2551		0.124138
1.28571		0.124138
1.31633		0.124138
1.34694		0.124138
1.37755		0.124138
1.40816		0.124138
1.43878		0.124138
1.46939		0.124138
1.5		0.124138
1.51		0.128717
1.52		0.133296
1.53		0.137875
1.54		0.142454
1.55		0.147033
1.56		0.151612
1.57		0.156191
1.58		0.16077
1.59		0.165349
1.6		0.169928
1.61		0.174507
1.62		0.179086
1.63		0.183665
1.64		0.188244
1.65		0.192823
1.66		0.197402
1.67		0.201981
1.68		0.20656
1.69		0.211139
1.7		0.215718
1.71		0.220297
1.72		0.224876
1.73		0.229455
1.74		0.234034
1.75		0.238613
1.76		0.243192
1.77		0.247771
1.78		0.25235
1.79		0.256928
1.8		0.261507
1.81		0.266086
1.82		0.270665
1.83		0.275244
1.84		0.279823
1.85		0.284402
1.86		0.288981
1.87		0.29356
1.88		0.298139
1.89		0.302718
1.9		0.307297
1.91		0.311876
1.92		0.316455
1.93		0.321034
1.94		0.325613
1.95		0.330192
1.96		0.334771
1.97		0.33935
1.98		0.343929
1.99		0.348508
2		0.353087
0		0.144828
0.0306122		0.144828
0.0612245		0.144828
0.0918367		0.144828
0.122449		0.144828
0.153061		0.144828
0.183673		0.144828
0.214286		0.144828
0.244898		0.144828
0.27551		0.144828
0.306122		0.144828
0.336735		0.144828
0.367347		0.144828
0.397959		0.144828
0.428571		0.144828
0.459184		0.144828
0.489796		0.144828
0.520408		0.144828
0.55102		0.144828
0.581633		0.144828
0.612245		0.144828
0.642857		0.144828
0.673469		0.144828
0.704082		0.144828
0.734694		0.144828
0.765306		0.144828
0.795918		0.144828
0.826531		0.144828
0.857143		0.144828
0.887755		0.144828
0.918367		0.144828
0.94898		0.144828
0.979592		0.144828
1.0102		0.144828
1.04082		0.144828
1.07143		0.144828
1.10204		0.144828
1.13265		0.144828
1.16327		0.144828
1.19388		0.144828
1.22449		0.144828
1.2551		0.144828
1.28571		0.144828
1.31633		0.144828
1.34694		0.144828
1.37755		0.144828
1.40816		0.144828
1.43878		0.144828
1.46939		0.144828
1.5		0.144828
1.51		0.149207
1.52		0.153587
1.53		0.157967
1.54		0.162347
1.55		0.166727
1.56		0.171107
1.57		0.175487
1.58		0.179867
1.59		0.184247
1.6		0.188627
1.61		0.193006
1.62		0.197386
1.63		0.201766
1.64		0.206146
1.65		0.210526
1.66		0.214906
1.67		0.219286
1.68		0.223666
1.69		0.228046
1.7		0.232426
1.71		0.236805
1.72		0.241185
1.73		0.245565
1.74		0.249945
1.75		0.254325
1.76		0.258705
1.77		0.263085
1.78		0.267465
1.79		0.271845
1.8		0.276225
1.81		0.280604
1.82		0.284984
1.83		0.289364
1.84		0.293744
1.85		0.298124
1.86		0.302504
1.87		0.306884
1.88		0.311264
1.89		0.315644
1.9		0.320024
1.91		0.324403
1.92		0.328783
1.93		0.333163
1.94		0.337543
1.95		0.341923
1.96		0.346303
1.97		0.350683
1.98		0.355063
1.99		0.359443
2		0.363823
0		0.165517
0.0306122		0.165517
0.0612245		0.165517
0.0918367		0.165517
0.122449		0.165517
0.153061		0.165517
0.183673		0.165517
0.214286		0.165517
0.244898		0.165517
0.27551		0.165517
0.306122		0.165517
0.336735		0.165517
0.367347		0.165517
0.397959		0.165517
0.428571		0.165517
0.459184		0.165517
0.489796		0.165517
0.520408		0.165517
0.55102		0.165517
0.581633		0.165517
0.612245		0.165517
0.642857		0.165517
0.673469		0.165517
0.704082		0.165517
0.734694		0.165517
0.765306		0.165517
0.795918		0.165517
0.826531		0.165517
0.857143		0.165517
0.887755		0.165517
0.918367		0.165517
0.94898		0.165517
0.979592		0.165517
1.0102		0.165517
1.04082		0.165517
1.07143		0.165517
1.10204		0.165517
1.13265		0.165517
1.16327		0.165517
1.19388		0.165517
1.22449		0.165517
1.2551		0.165517
1.28571		0.165517
1.31633		0.165517
1.34694		0.165517
1.37755		0.165517
1.40816		0.165517
1.43878		0.165517
1.46939		0.165517
1.5		0.165517
1.51		0.169698
1.52		0.173879
1.53		0.17806
1.54		0.18224
1.55		0.186421
1.56		0.190602
1.57		0.194783
1.58		0.198964
1.59		0.203145
1.6		0.207325
1.61		0.211506
1.62		0.215687
1.63		0.219868
1.64		0.224049
1.65		0.228229
1.66		0.23241
1.67		0.236591
1.68		0.240772
1.69		0.244953
1.7		0.249133
1.71		0.253314
1.72		0.257495
1.73		0.261676
1.74		0.265857
1.75		0.270038
1.76		0.274218
1.77		0.278399
1.78		0.28258
1.79		0.286761
1.8		0.290942
1.81		0.295122
1.82		0.299303
1.83		0.303484
1.84		0.307665
1.85		0.311846
1.86		0.316026
1.87		0.320207
1.88		0.324388
1.89		0.328569
1.9		0.33275
1.91		0.336931
1.92		0.341111
1.93		0.345292
1.94		0.349473
1.95		0.353654
1.96		0.357835
1.97		0.362015
1.98		0.366196
1.99		0.370377
2		0.374558
0		0.186207
0.0306122		0.186207
0.0612245		0.186207
0.0918367		0.186207
0.122449		0.186207
0.153061		0.186207
0.183673		0.186207
0.214286		0.186207
0.244898		0.186207
0.27551		0.186207
0.306122		0.186207
0.336735		0.186207
0.367347		0.186207
0.397959		0.186207
0.428571		0.186207
0.459184		0.186207
0.489796		0.186207
0.520408		0.186207
0.55102		0.186207
0.581633		0.186207
0.612245		0.186207
0.642857		0.186207
0.673469		0.186207
0.704082		0.186207
0.734694		0.186207
0.765306		0.186207
0.795918		0.186207
0.826531		0.186207
0.857143		0.186207
0.887755		0.186207
0.918367		0.186207
0.94898		0.186207
0.979592		0.186207
1.0102		0.186207
1.04082		0.186207
1.07143		0.186207
1.10204		0.186207
1.13265		0.186207
1.16327		0.186207
1.19388		0.186207
1.22449		0.186207
1.2551		0.186207
1.28571		0.186207
1.31633		0.186207
1.34694		0.186207
1.37755		0.186207
1.40816		0.186207
1.43878		0.186207
1.46939		0.186207
1.5		0.186207
1.51		0.190189
1.52		0.19417
1.53		0.198152
1.54		0.202134
1.55		0.206116
1.56		0.210097
1.57		0.214079
1.58		0.218061
1.59		0.222042
1.6		0.226024
1.61		0.230006
1.62		0.233988
1.63		0.237969
1.64		0.241951
1.65		0.245933
1.66		0.249915
1.67		0.253896
1.68		0.257878
1.69		0.26186
1.7		0.265841
1.71		0.269823
1.72		0.273805
1.73		0.277787
1.74		0.281768
1.75		0.28575
1.76		0.289732
1.77		0.293713
1.78		0.297695
1.79		0.301677
1.8		0.305659
1.81		0.30964
1.82		0.313622
1.83		0.317604
1.84		0.321586
1.85		0.325567
1.86		0.329549
1.87		0.333531
1.88		0.337512
1.89		0.341494
1.9		0.345476
1.91		0.349458
1.92		0.353439
1.93		0.357421
1.94		0.361403
1.95		0.365385
1.96		0.369366
1.97		0.373348
1.98		0.37733
1.99		0.381311
2		0.385293
0		0.206897
0.0306122		0.206897
0.0612245		0.206897
0.0918367		0.206897
0.122449		0.206897
0.153061		0.206897
0.183673		0.206897
0.214286		0.206897
0.244898		0.206897
0.27551		0.206897
0.306122		0.206897
0.336735		0.206897
0.367347		0.206897
0.397959		0.206897
0.428571		0.206897
0.459184		0.206897
0.489796		0.206897
0.520408		0.206897
0.55102		0.206897
0.581633		0.206897
0.612245		0.206897
0.642857		0.206897
0.673469		0.206897
0.704082		0.206897
0.734694		0.206897
0.765306		0.206897
0.795918		0.206897
0.826531		0.206897
0.857143		0.206897
0.887755		0.206897
0.918367		0.206897
0.94898		0.206897
0.979592		0.206897
1.0102		0.206897
1.04082		0.206897
1.07143		0.206897
1.10204		0.206897
1.13265		0.206897
1.16327		0.206897
1.19388		0.206897
1.22449		0.206897
1.2551		0.206897
1.28571		0.206897
1.31633		0.206897
1.34694		0.206897
1.37755		0.206897
1.40816		0.206897
1.43878		0.206897
1.46939		0.206897
1.5		0.206897
1.51		0.210679
1.52		0.214462
1.53		0.218244
1.54		0.222027
1.55		0.22581
1.56		0.229592
1.57		0.233375
1.58		0.237158
1.59		0.24094
1.6		0.244723
1.61		0.248506
1.62		0.252288
1.63		0.256071
1.64		0.259854
1.65		0.263636
1.66		0.267419
1.67		0.271201
1.68		0.274984
1.69		0.278767
1.7		0.282549
1.71		0.286332
1.72		0.290115
1.73		0.293897
1.74		0.29768
1.75		0.301463
1.76		0.305245
1.77		0.309028
1.78		0.31281
1.79		0.316593
1.8		0.320376
1.81		0.324158
1.82		0.327941
1.83		0.331724
1.84		0.335506
1.85		0.339289
1.86		0.343072
1.87		0.346854
1.88		0.350637
1.89		0.354419
1.9		0.358202
1.91		0.361985
1.92		0.365767
1.93		0.36955
1.94		0.373333
1.95		0.377115
1.96		0.380898
1.97		0.384681
1.98		0.388463
1.99		0.392246
2		0.396029
0		0.227586
0.0306122		0.227586
0.0612245		0.227586
0.0918367		0.227586
0.122449		0.227586
0.153061		0.227586
0.183673		0.227586
0.214286		0.227586
0.244898		0.227586
0.27551		0.227586
0.306122		0.227586
0.336735		0.227586
0.367347		0.227586
0.397959		0.227586
0.428571		0.227586
0.459184		0.227586
0.489796		0.227586
0.520408		0.227586
0.55102		0.227586
0.581633		0.227586
0.612245		0.227586
0.642857		0.227586
0.673469		0.227586
0.704082		0.227586
0.734694		0.227586
0.765306		0.227586
0.795918		0.227586
0.826531		0.227586
0.857143		0.227586
0.887755		0.227586
0.918367		0.227586
0.94898		0.227586
0.979592		0.227586
1.0102		0.227586
1.04082		0.227586
1.07143		0.227586
1.10204		0.227586
1.13265		0.227586
1.16327		0.227586
1.19388		0.227586
1.22449		0.227586
1.2551		0.227586
1.28571		0.227586
1.31633		0.227586
1.34694		0.227586
1.37755		0.227586
1.40816		0.227586
1.43878		0.227586
1.46939		0.227586
1.5		0.227586
1.51		0.23117
1.52		0.234753
1.53		0.238337
1.54		0.24192
1.55		0.245504
1.56		0.249088
1.57		0.252671
1.58		0.256255
1.59		0.259838
1.6		0.263422
1.61		0.267005
1.62		0.270589
1.63		0.274172
1.64		0.277756
1.65		0.28134
1.66		0.284923
1.67		0.288507
1.68		0.29209
1.69		0.295674
1.7		0.299257
1.71		0.302841
1.72		0.306424
1.73		0.310008
1.74		0.313591
1.75		0.317175
1.76		0.320759
1.77		0.324342
1.78		0.327926
1.79		0.331509
1.8		0.335093
1.81		0.338676
1.82		0.34226
1.83		0.345843
1.84		0.349427
1.85		0.353011
1.86		0.356594
1.87		0.360178
1.88		0.363761
1.89		0.367345
1.9		0.370928
1.91		0.374512
1.92		0.378095
1.93		0.381679
1.94		0.385263
1.95		0.388846
1.96		0.39243
1.97		0.396013
1.98		0.399597
1.99		0.40318
2		0.406764
0		0.248276
0.0306122		0.248276
0.0612245		0.248276
0.0918367		0.248276
0.122449		0.248276
0.153061		0.248276
0.183673		0.248276
0.214286		0.248276
0.244898		0.248276
0.27551		0.248276
0.306122		0.248276
0.336735		0.248276
0.367347		0.248276
0.397959		0.248276
0.428571		0.248276
0.459184		0.248276
0.489796		0.248276
0.520408		0.248276
0.55102		0.248276
0.581633		0.248276
0.612245		0.248276
0.642857		0.248276
0.673469		0.248276
0.704082		0.248276
0.734694		0.248276
0.765306		0.248276
0.795918		0.248276
0.826531		0.248276
0.857143		0.248276
0.887755		0.248276
0.918367		0.248276
0.94898		0.248276
0.979592		0.248276
1.0102		0.248276
1.04082		0.248276
1.07143		0.248276
1.10204		0.248276
1.13265		0.248276
1.16327		0.248276
1.19388		0.248276
1.22449		0.248276
1.2551		0.248276
1.28571		0.248276
1.31633		0.248276
1.34694		0.248276
1.37755		0.248276
1.40816		0.248276
1.43878		0.248276
1.46939		0.248276
1.5		0.248276
1.51		0.25166
1.52		0.255045
1.53		0.258429
1.54		0.261814
1.55		0.265198
1.56		0.268583
1.57		0.271967
1.58		0.275352
1.59		0.278736
1.6		0.282121
1.61		0.285505
1.62		0.288889
1.63		0.292274
1.64		0.295658
1.65		0.299043
1.66		0.302427
1.67		0.305812
1.68		0.309196
1.69		0.312581
1.7		0.315965
1.71		0.31935
1.72		0.322734
1.73		0.326119
1.74		0.329503
1.75		0.332888
1.76		0.336272
1.77		0.339656
1.78		0.343041
1.79		0.346425
1.8		0.34981
1.81		0.353194
1.82		0.356579
1.83		0.359963
1.84		0.363348
1.85		0.366732
1.86		0.370117
1.87		0.373501
1.88		0.376886
1.89		0.38027
1.9		0.383655
1.91		0.387039
1.92		0.390423
1.93		0.393808
1.94		0.397192
1.95		0.400577
1.96		0.403961
1.97		0.407346
1.98		0.41073
1.99		0.414115
2		0.417499
0		0.268966
0.0306122		0.268966
0.0612245		0.268966
0.0918367		0.268966
0.122449		0.268966
0.153061		0.268966
0.183673		0.268966
0.214286		0.268966
0.244898		0.268966
0.27551		0.268966
0.306122		0.268966
0.336735		0.268966
0.367347		0.268966
0.397959		0.268966
0.428571		0.268966
0.459184		0.268966
0.489796		0.268966
0.520408		0.268966
0.55102		0.268966
0.581633		0.268966
0.612245		0.268966
0.642857		0.268966
0.673469		0.268966
0.704082		0.268966
0.734694		0.268966
0.765306		0.268966
0.795918		0.268966
0.826531		0.268966
0.857143		0.268966
0.887755		0.268966
0.918367		0.268966
0.94898		0.268966
0.979592		0.268966
1.0102		0.268966
1.04082		0.268966
1.07143		0.268966
1.10204		0.268966
1.13265		0.268966
1.16327		0.268966
1.19388		0.268966
1.22449		0.268966
1.2551		0.268966
1.28571		0.268966
1.31633		0.268966
1.34694		0.268966
1.37755		0.268966
1.40816		0.268966
1.43878		0.268966
1.46939		0.268966
1.5		0.268966
1.51		0.272151
1.52		0.275336
1.53		0.278522
1.54		0.281707
1.55		0.284892
1.56		0.288078
1.57		0.291263
1.58		0.294449
1.59		0.297634
1.6		0.300819
1.61		0.304005
1.62		0.30719
1.63		0.310375
1.64		0.313561
1.65		0.316746
1.66		0.319932
1.67		0.323117
1.68		0.326302
1.69		0.329488
1.7		0.332673
1.71		0.335859
1.72		0.339044
1.73		0.342229
1.74		0.345415
1.75		0.3486
1.76		0.351785
1.77		0.354971
1.78		0.358156
1.79		0.361342
1.8		0.364527
1.81		0.367712
1.82		0.370898
1.83		0.374083
1.84		0.377268
1.85		0.380454
1.86		0.383639
1.87		0.386825
1.88		0.39001
1.89		0.393195
1.9		0.396381
1.91		0.399566
1.92		0.402752
1.93		0.405937
1.94		0.409122
1.95		0.412308
1.96		0.415493
1.97		0.418678
1.98		0.421864
1.99		0.425049
2		0.428235
0		0.289655
0.0306122		0.289655
0.0612245		0.289655
0.0918367		0.289655
0.122449		0.289655
0.153061		0.289655
0.183673		0.289655
0.214286		0.289655
0.244898		0.289655
0.27551		0.289655
0.306122		0.289655
0.336735		0.289655
0.367347		0.289655
0.397959		0.289655
0.428571		0.289655
0.459184		0.289655
0.489796		0.289655
0.520408		0.289655
0.55102		0.289655
0.581633		0.289655
0.612245		0.289655
0.642857		0.289655
0.673469		0.289655
0.704082		0.289655
0.734694		0.289655
0.765306		0.289655
0.795918		0.289655
0.826531		0.289655
0.857143		0.289655
0.887755		0.289655
0.918367		0.289655
0.94898		0.289655
0.979592		0.289655
1.0102		0.289655
1.04082		0.289655
1.07143		0.289655
1.10204		0.289655
1.13265		0.289655
1.16327		0.289655
1.19388		0.289655
1.22449		0.289655
1.2551		0.289655
1.28571		0.289655
1.31633		0.289655
1.34694		0.289655
1.37755		0.289655
1.40816		0.289655
1.43878		0.289655
1.46939		0.289655
1.5		0.289655
1.51		0.292641
1.52		0.295628
1.53		0.298614
1.54		0.3016
1.55		0.304587
1.56		0.307573
1.57		0.310559
1.58		0.313546
1.59		0.316532
1.6		0.319518
1.61		0.322504
1.62		0.325491
1.63		0.328477
1.64		0.331463
1.65		0.33445
1.66		0.337436
1.67		0.340422
1.68		0.343408
1.69		0.346395
1.7		0.349381
1.71		0.352367
1.72		0.355354
1.73		0.35834
1.74		0.361326
1.75		0.364313
1.76		0.367299
1.77		0.370285
1.78		0.373271
1.79		0.376258
1.8		0.379244
1.81		0.38223
1.82		0.385217
1.83		0.388203
1.84		0.391189
1.85		0.394175
1.86		0.397162
1.87		0.400148
1.88		0.403134
1.89		0.406121
1.9		0.409107
1.91		0.412093
1.92		0.41508
1.93		0.418066
1.94		0.421052
1.95		0.424038
1.96		0.427025
1.97		0.430011
1.98		0.432997
1.99		0.435984
2		0.43897
0		0.310345
0.0306122		0.310345
0.0612245		0.310345
0.0918367		0.310345
0.122449		0.310345
0.153061		0.310345
0.183673		0.310345
0.214286		0.310345
0.244898		0.310345
0.27551		0.310345
0.306122		0.310345
0.336735		0.310345
0.367347		0.310345
0.397959		0.310345
0.428571		0.310345
0.459184		0.310345
0.489796		0.310345
0.520408		0.310345
0.55102		0.310345
0.581633		0.310345
0.612245		0.310345
0.642857		0.310345
0.673469		0.310345
0.704082		0.310345
0.734694		0.310345
0.765306		0.310345
0.795918		0.310345
0.826531		0.310345
0.857143		0.310345
0.887755		0.310345
0.918367		0.310345
0.94898		0.310345
0.979592		0.310345
1.0102		0.310345
1.04082		0.310345
1.07143		0.310345
1.10204		0.310345
1.13265		0.310345
1.16327		0.310345
1.19388		0.310345
1.22449		0.310345
1.2551		0.310345
1.28571		0.310345
1.31633		0.310345
1.34694		0.310345
1.37755		0.310345
1.40816		0.310345
1.43878		0.310345
1.46939		0.310345
1.5		0.310345
1.51		0.313132
1.52		0.315919
1.53		0.318706
1.54		0.321494
1.55		0.324281
1.56		0.327068
1.57		0.329855
1.58		0.332642
1.59		0.33543
1.6		0.338217
1.61		0.341004
1.62		0.343791
1.63		0.346579
1.64		0.349366
1.65		0.352153
1.66		0.35494
1.67		0.357727
1.68		0.360515
1.69		0.363302
1.7		0.366089
1.71		0.368876
1.72		0.371663
1.73		0.374451
1.74		0.377238
1.75		0.380025
1.76		0.382812
1.77		0.385599
1.78		0.388387
1.79		0.391174
1.8		0.393961
1.81		0.396748
1.82		0.399535
1.83		0.402323
1.84		0.40511
1.85		0.407897
1.86		0.410684
1.87		0.413472
1.88		0.416259
1.89		0.419046
1.9		0.421833
1.91		0.42462
1.92		0.427408
1.93		0.430195
1.94		0.432982
1.95		0.435769
1.96		0.438556
1.97		0.441344
1.98		0.444131
1.99		0.446918
2		0.449705
0		0.331034
0.0306122		0.331034
0.0612245		0.331034
0.0918367		0.331034
0.122449		0.331034
0.153061		0.331034
0.183673		0.331034
0.214286		0.331034
0.244898		0.331034
0.27551		0.331034
0.306122		0.331034
0.336735		0.331034
0.367347		0.331034
0.397959		0.331034
0.428571		0.331034
0.459184		0.331034
0.489796		0.331034
0.520408		0.331034
0.55102		0.331034
0.581633		0.331034
0.612245		0.331034
0.642857		0.331034
0.673469		0.331034
0.704082		0.331034
0.734694		0.331034
0.765306		0.331034
0.795918		0.331034
0.826531		0.331034
0.857143		0.331034
0.887755		0.331034
0.918367		0.331034
0.94898		0.331034
0.979592		0.331034
1.0102		0.331034
1.04082		0.331034
1.07143		0.331034
1.10204		0.331034
1.13265		0.331034
1.16327		0.331034
1.19388		0.331034
1.22449		0.331034
1.2551		0.331034
1.28571		0.331034
1.31633		0.331034
1.34694		0.331034
1.37755		0.331034
1.40816		0.331034
1.43878		0.331034
1.46939		0.331034
1.5		0.331034
1.51		0.333623
1.52		0.336211
1.53		0.338799
1.54		0.341387
1.55		0.343975
1.56		0.346563
1.57		0.349151
1.58		0.351739
1.59		0.354328
1.6		0.356916
1.61		0.359504
1.62		0.362092
1.63		0.36468
1.64		0.367268
1.65		0.369856
1.66		0.372444
1.67		0.375033
1.68		0.377621
1.69		0.380209
1.7		0.382797
1.71		0.385385
1.72		0.387973
1.73		0.390561
1.74		0.393149
1.75		0.395738
1.76		0.398326
1.77		0.400914
1.78		0.403502
1.79		0.40609
1.8		0.408678
1.81		0.411266
1.82		0.413854
1.83		0.416443
1.84		0.419031
1.85		0.421619
1.86		0.424207
1.87		0.426795
1.88		0.429383
1.89		0.431971
1.9		0.434559
1.91		0.437147
1.92		0.439736
1.93		0.442324
1.94		0.444912
1.95		0.4475
1.96		0.450088
1.97		0.452676
1.98		0.455264
1.99		0.457852
2		0.460441
0		0.351724
0.0306122		0.351724
0.0612245		0.351724
0.0918367		0.351724
0.122449		0.351724
0.153061		0.351724
0.183673		0.351724
0.214286		0.351724
0.244898		0.351724
0.27551		0.351724
0.306122		0.351724
0.336735		0.351724
0.367347		0.351724
0.397959		0.351724
0.428571		0.351724
0.459184		0.351724
0.489796		0.351724
0.520408		0.351724
0.55102		0.351724
0.581633		0.351724
0.612245		0.351724
0.642857		0.351724
0.673469		0.351724
0.704082		0.351724
0.734694		0.351724
0.765306		0.351724
0.795918		0.351724
0.826531		0.351724
0.857143		0.351724
0.887755		0.351724
0.918367		0.351724
0.94898		0.351724
0.979592		0.351724
1.0102		0.351724
1.04082		0.351724
1.07143		0.351724
1.10204		0.351724
1.13265		0.351724
1.16327		0.351724
1.19388		0.351724
1.22449		0.351724
1.2551		0.351724
1.28571		0.351724
1.31633		0.351724
1.34694		0.351724
1.37755		0.351724
1.40816		0.351724
1.43878		0.351724
1.46939		0.351724
1.5		0.351724
1.51		0.354113
1.52		0.356502
1.53		0.358891
1.54		0.36128
1.55		0.363669
1.56		0.366058
1.57		0.368447
1.58		0.370836
1.59		0.373225
1.6		0.375614
1.61		0.378004
1.62		0.380393
1.63		0.382782
1.64		0.385171
1.65		0.38756
1.66		0.389949
1.67		0.392338
1.68		0.394727
1.69		0.397116
1.7		0.399505
1.71		0.401894
1.72		0.404283
1.73		0.406672
1.74		0.409061
1.75		0.41145
1.76		0.413839
1.77		0.416228
1.78		0.418617
1.79		0.421006
1.8		0.423395
1.81		0.425784
1.82		0.428173
1.83		0.430562
1.84		0.432951
1.85		0.43534
1.86		0.437729
1.87		0.440118
1.88		0.442507
1.89		0.444897
1.9		0.447286
1.91		0.449675
1.92		0.452064
1.93		0.454453
1.94		0.456842
1.95		0.459231
1.96		0.46162
1.97		0.464009
1.98		0.466398
1.99		0.468787
2		0.471176
0		0.372414
0.0306122		0.372414
0.0612245		0.372414
0.0918367		0.372414
0.122449		0.372414
0.153061		0.372414
0.183673		0.372414
0.214286		0.372414
0.244898		0.372414
0.27551		0.372414
0.306122		0.372414
0.336735		0.372414
0.367347		0.372414
0.397959		0.372414
0.428571		0.372414
0.459184		0.372414
0.489796		0.372414
0.520408		0.372414
0.55102		0.372414
0.581633		0.372414
0.612245		0.372414
0.642857		0.372414
0.673469		0.372414
0.704082		0.372414
0.734694		0.372414
0.765306		0.372414
0.795918		0.372414
0.826531		0.372414
0.857143		0.372414
0.887755		0.372414
0.918367		0.372414
0.94898		0.372414
0.979592		0.372414
1.0102		0.372414
1.04082		0.372414
1.07143		0.372414
1.10204		0.372414
1.13265		0.372414
1.16327		0.372414
1.19388		0.372414
1.22449		0.372414
1.2551		0.372414
1.28571		0.372414
1.31633		0.372414
1.34694		0.372414
1.37755		0.372414
1.40816		0.372414
1.43878		0.372414
1.46939		0.372414
1.5		0.372414
1.51		0.374604
1.52		0.376794
1.53		0.378984
1.54		0.381174
1.55		0.383364
1.56		0.385553
1.57		0.387743
1.58		0.389933
1.59		0.392123
1.6		0.394313
1.61		0.396503
1.62		0.398693
1.63		0.400883
1.64		0.403073
1.65		0.405263
1.66		0.407453
1.67		0.409643
1.68		0.411833
1.69		0.414023
1.7		0.416213
1.71		0.418403
1.72		0.420593
1.73		0.422783
1.74		0.424973
1.75		0.427163
1.76		0.429352
1.77		0.431542
1.78		0.433732
1.79		0.435922
1.8		0.438112
1.81		0.440302
1.82		0.442492
1.83		0.444682
1.84		0.446872
1.85		0.449062
1.86		0.451252
1.87		0.453442
1.88		0.455632
1.89		0.457822
1.9		0.460012
1.91		0.462202
1.92		0.464392
1.93		0.466582
1.94		0.468772
1.95		0.470962
1.96		0.473151
1.97		0.475341
1.98		0.477531
1.99		0.479721
2		0.481911
0		0.393103
0.0306122		0.393103
0.0612245		0.393103
0.0918367		0.393103
0.122449		0.393103
0.153061		0.393103
0.183673		0.393103
0.214286		0.393103
0.244898		0.393103
0.27551		0.393103
0.306122		0.393103
0.336735		0.393103
0.367347		0.393103
0.397959		0.393103
0.428571		0.393103
0.459184		0.393103
0.489796		0.393103
0.520408		0.393103
0.55102		0.393103
0.581633		0.393103
0.612245		0.393103
0.642857		0.393103
0.673469		0.393103
0.704082		0.393103
0.734694		0.393103
0.765306		0.393103
0.795918		0.393103
0.826531		0.393103
0.857143		0.393103
0.887755		0.393103
0.918367		0.393103
0.94898		0.393103
0.979592		0.393103
1.0102		0.393103
1.04082		0.393103
1.07143		0.393103
1.10204		0.393103
1.13265		0.393103
1.16327		0.393103
1.19388		0.393103
1.22449		0.393103
1.2551		0.393103
1.28571		0.393103
1.31633		0.393103
1.34694		0.393103
1.37755		0.393103
1.40816		0.393103
1.43878		0.393103
1.46939		0.393103
1.5		0.393103
1.51		0.395094
1.52		0.397085
1.53		0.399076
1.54		0.401067
1.55		0.403058
1.56		0.405049
1.57		0.407039
1.58		0.40903
1.59		0.411021
1.6		0.413012
1.61		0.415003
1.62		0.416994
1.63		0.418985
1.64		0.420976
1.65		0.422966
1.66		0.424957
1.67		0.426948
1.68		0.428939
1.69		0.43093
1.7		0.432921
1.71		0.434912
1.72		0.436902
1.73		0.438893
1.74		0.440884
1.75		0.442875
1.76		0.444866
1.77		0.446857
1.78		0.448848
1.79		0.450838
1.8		0.452829
1.81		0.45482
1.82		0.456811
1.83		0.458802
1.84		0.460793
1.85		0.462784
1.86		0.464775
1.87		0.466765
1.88		0.468756
1.89		0.470747
1.9		0.472738
1.91		0.474729
1.92		0.47672
1.93		0.478711
1.94		0.480701
1.95		0.482692
1.96		0.484683
1.97		0.486674
1.98		0.488665
1.99		0.490656
2		0.492647
0		0.413793
0.0306122		0.413793
0.0612245		0.413793
0.0918367		0.413793
0.122449		0.413793
0.153061		0.413793
0.183673		0.413793
0.214286		0.413793
0.244898		0.413793
0.27551		0.413793
0.306122		0.413793
0.336735		0.413793
0.367347		0.413793
0.397959		0.413793
0.428571		0.413793
0.459184		0.413793
0.489796		0.413793
0.520408		0.413793
0.55102		0.413793
0.581633		0.413793
0.612245		0.413793
0.642857		0.413793
0.673469		0.413793
0.704082		0.413793
0.734694		0.413793
0.765306		0.413793
0.795918		0.413793
0.826531		0.413793
0.857143		0.413793
0.887755		0.413793
0.918367		0.413793
0.94898		0.413793
0.979592		0.413793
1.0102		0.413793
1.04082		0.413793
1.07143		0.413793
1.10204		0.413793
1.13265		0.413793
1.16327		0.413793
1.19388		0.413793
1.22449		0.413793
1.2551		0.413793
1.28571		0.413793
1.31633		0.413793
1.34694		0.413793
1.37755		0.413793
1.40816		0.413793
1.43878		0.413793
1.46939		0.413793
1.5		0.413793
1.51		0.415585
1.52		0.417377
1.53		0.419168
1.54		0.42096
1.55		0.422752
1.56		0.424544
1.57		0.426336
1.58		0.428127
1.59		0.429919
1.6		0.431711
1.61		0.433503
1.62		0.435294
1.63		0.437086
1.64		0.438878
1.65		0.44067
1.66		0.442462
1.67		0.444253
1.68		0.446045
1.69		0.447837
1.7		0.449629
1.71		0.45142
1.72		0.453212
1.73		0.455004
1.74		0.456796
1.75		0.458588
1.76		0.460379
1.77		0.462171
1.78		0.463963
1.79		0.465755
1.8		0.467546
1.81		0.469338
1.82		0.47113
1.83		0.472922
1.84		0.474714
1.85		0.476505
1.86		0.478297
1.87		0.480089
1.88		0.481881
1.89		0.483672
1.9		0.485464
1.91		0.487256
1.92		0.489048
1.93		0.49084
1.94		0.492631
1.95		0.494423
1.96		0.496215
1.97		0.498007
1.98		0.499798
1.99		0.50159
2		0.503382
0		0.434483
0.0306122		0.434483
0.0612245		0.434483
0.0918367		0.434483
0.122449		0.434483
0.153061		0.434483
0.183673		0.434483
0.214286		0.434483
0.244898		0.434483
0.27551		0.434483
0.306122		0.434483
0.336735		0.434483
0.367347		0.434483
0.397959		0.434483
0.428571		0.434483
0.459184		0.434483
0.489796		0.434483
0.520408		0.434483
0.55102		0.434483
0.581633		0.434483
0.612245		0.434483
0.642857		0.434483
0.673469		0.434483
0.704082		0.434483
0.734694		0.434483
0.765306		0.434483
0.795918		0.434483
0.826531		0.434483
0.857143		0.434483
0.887755		0.434483
0.918367		0.434483
0.94898		0.434483
0.979592		0.434483
1.0102		0.434483
1.04082		0.434483
1.07143		0.434483
1.10204		0.434483
1.13265		0.434483
1.16327		0.434483
1.19388		0.434483
1.22449		0.434483
1.2551		0.434483
1.28571		0.434483
1.31633		0.434483
1.34694		0.434483
1.37755		0.434483
1.40816		0.434483
1.43878		0.434483
1.46939		0.434483
1.5		0.434483
1.51		0.436075
1.52		0.437668
1.53		0.439261
1.54		0.440854
1.55		0.442446
1.56		0.444039
1.57		0.445632
1.58		0.447224
1.59		0.448817
1.6		0.45041
1.61		0.452002
1.62		0.453595
1.63		0.455188
1.64		0.45678
1.65		0.458373
1.66		0.459966
1.67		0.461558
1.68		0.463151
1.69		0.464744
1.7		0.466337
1.71		0.467929
1.72		0.469522
1.73		0.471115
1.74		0.472707
1.75		0.4743
1.76		0.475893
1.77		0.477485
1.78		0.479078
1.79		0.480671
1.8		0.482263
1.81		0.483856
1.82		0.485449
1.83		0.487042
1.84		0.488634
1.85		0.490227
1.86		0.49182
1.87		0.493412
1.88		0.495005
1.89		0.496598
1.9		0.49819
1.91		0.499783
1.92		0.501376
1.93		0.502968
1.94		0.504561
1.95		0.506154
1.96		0.507747
1.97		0.509339
1.98		0.510932
1.99		0.512525
2		0.514117
0		0.455172
0.0306122		0.455172
0.0612245		0.455172
0.0918367		0.455172
0.122449		0.455172
0.153061		0.455172
0.183673		0.455172
0.214286		0.455172
0.244898		0.455172
0.27551		0.455172
0.306122		0.455172
0.336735		0.455172
0.367347		0.455172
0.397959		0.455172
0.428571		0.455172
0.459184		0.455172
0.489796		0.455172
0.520408		0.455172
0.55102		0.455172
0.581633		0.455172
0.612245		0.455172
0.642857		0.455172
0.673469		0.455172
0.704082		0.455172
0.734694		0.455172
0.765306		0.455172
0.795918		0.455172
0.826531		0.455172
0.857143		0.455172
0.887755		0.455172
0.918367		0.455172
0.94898		0.455172
0.979592		0.455172
1.0102		0.455172
1.04082		0.455172
1.07143		0.455172
1.10204		0.455172
1.13265		0.455172
1.16327		0.455172
1.19388		0.455172
1.22449		0.455172
1.2551		0.455172
1.28571		0.455172
1.31633		0.455172
1.34694		0.455172
1.37755		0.455172
1.40816		0.455172
1.43878		0.455172
1.46939		0.455172
1.5		0.455172
1.51		0.456566
1.52		0.45796
1.53		0.459353
1.54		0.460747
1.55		0.46214
1.56		0.463534
1.57		0.464928
1.58		0.466321
1.59		0.467715
1.6		0.469108
1.61		0.470502
1.62		0.471896
1.63		0.473289
1.64		0.474683
1.65		0.476076
1.66		0.47747
1.67		0.478864
1.68		0.480257
1.69		0.481651
1.7		0.483044
1.71		0.484438
1.72		0.485832
1.73		0.487225
1.74		0.488619
1.75		0.490013
1.76		0.491406
1.77		0.4928
1.78		0.494193
1.79		0.495587
1.8		0.496981
1.81		0.498374
1.82		0.499768
1.83		0.501161
1.84		0.502555
1.85		0.503949
1.86		0.505342
1.87		0.506736
1.88		0.508129
1.89		0.509523
1.9		0.510917
1.91		0.51231
1.92		0.513704
1.93		0.515097
1.94		0.516491
1.95		0.517885
1.96		0.519278
1.97		0.520672
1.98		0.522065
1.99		0.523459
2		0.524853
0		0.475862
0.0306122		0.475862
0.0612245		0.475862
0.0918367		0.475862
0.122449		0.475862
0.153061		0.475862
0.183673		0.475862
0.214286		0.475862
0.244898		0.475862
0.27551		0.475862
0.306122		0.475862
0.336735		0.475862
0.367347		0.475862
0.397959		0.475862
0.428571		0.475862
0.459184		0.475862
0.489796		0.475862
0.520408		0.475862
0.55102		0.475862
0.581633		0.475862
0.612245		0.475862
0.642857		0.475862
0.673469		0.475862
0.704082		0.475862
0.734694		0.475862
0.765306		0.475862
0.795918		0.475862
0.826531		0.475862
0.857143		0.475862
0.887755		0.475862
0.918367		0.475862
0.94898		0.475862
0.979592		0.475862
1.0102		0.475862
1.04082		0.475862
1.07143		0.475862
1.10204		0.475862
1.13265		0.475862
1.16327		0.475862
1.19388		0.475862
1.22449		0.475862
1.2551		0.475862
1.28571		0.475862
1.31633		0.475862
1.34694		0.475862
1.37755		0.475862
1.40816		0.475862
1.43878		0.475862
1.46939		0.475862
1.5		0.475862
1.51		0.477057
1.52		0.478251
1.53		0.479446
1.54		0.48064
1.55		0.481835
1.56		0.483029
1.57		0.484224
1.58		0.485418
1.59		0.486613
1.6		0.487807
1.61		0.489002
1.62		0.490196
1.63		0.491391
1.64		0.492585
1.65		0.49378
1.66		0.494974
1.67		0.496169
1.68		0.497363
1.69		0.498558
1.7		0.499752
1.71		0.500947
1.72		0.502141
1.73		0.503336
1.74		0.50453
1.75		0.505725
1.76		0.50692
1.77		0.508114
1.78		0.509309
1.79		0.510503
1.8		0.511698
1.81		0.512892
1.82		0.514087
1.83		0.515281
1.84		0.516476
1.85		0.51767
1.86		0.518865
1.87		0.520059
1.88		0.521254
1.89		0.522448
1.9		0.523643
1.91		0.524837
1.92		0.526032
1.93		0.527226
1.94		0.528421
1.95		0.529615
1.96		0.53081
1.97		0.532004
1.98		0.533199
1.99		0.534393
2		0.535588
0		0.496552
0.0306122		0.496552
0.0612245		0.496552
0.0918367		0.496552
0.122449		0.496552
0.153061		0.496552
0.183673		0.496552
0.214286		0.496552
0.244898		0.496552
0.27551		0.496552
0.306122		0.496552
0.336735		0.496552
0.367347		0.496552
0.397959		0.496552
0.428571		0.496552
0.459184		0.496552
0.489796		0.496552
0.520408		0.496552
0.55102		0.496552
0.581633		0.496552
0.612245		0.496552
0.642857		0.496552
0.673469		0.496552
0.704082		0.496552
0.734694		0.496552
0.765306		0.496552
0.795918		0.496552
0.826531		0.496552
0.857143		0.496552
0.887755		0.496552
0.918367		0.496552
0.94898		0.496552
0.979592		0.496552
1.0102		0.496552
1.04082		0.496552
1.07143		0.496552
1.10204		0.496552
1.13265		0.496552
1.16327		0.496552
1.19388		0.496552
1.22449		0.496552
1.2551		0.496552
1.28571		0.496552
1.31633		0.496552
1.34694		0.496552
1.37755		0.496552
1.40816		0.496552
1.43878		0.496552
1.46939		0.496552
1.5		0.496552
1.51		0.497547
1.52		0.498543
1.53		0.499538
1.54		0.500533
1.55		0.501529
1.56		0.502524
1.57		0.50352
1.58		0.504515
1.59		0.505511
1.6		0.506506
1.61		0.507501
1.62		0.508497
1.63		0.509492
1.64		0.510488
1.65		0.511483
1.66		0.512479
1.67		0.513474
1.68		0.514469
1.69		0.515465
1.7		0.51646
1.71		0.517456
1.72		0.518451
1.73		0.519447
1.74		0.520442
1.75		0.521438
1.76		0.522433
1.77		0.523428
1.78		0.524424
1.79		0.525419
1.8		0.526415
1.81		0.52741
1.82		0.528406
1.83		0.529401
1.84		0.530396
1.85		0.531392
1.86		0.532387
1.87		0.533383
1.88		0.534378
1.89		0.535374
1.9		0.536369
1.91		0.537364
1.92		0.53836
1.93		0.539355
1.94		0.540351
1.95		0.541346
1.96		0.542342
1.97		0.543337
1.98		0.544332
1.99		0.545328
2		0.546323
0		0.517241
0.0306122		0.517241
0.0612245		0.517241
0.0918367		0.517241
0.122449		0.517241
0.153061		0.517241
0.183673		0.517241
0.214286		0.517241
0.244898		0.517241
0.27551		0.517241
0.306122		0.517241
0.336735		0.517241
0.367347		0.517241
0.397959		0.517241
0.428571		0.517241
0.459184		0.517241
0.489796		0.517241
0.520408		0.517241
0.55102		0.517241
0.581633		0.517241
0.612245		0.517241
0.642857		0.517241
0.673469		0.517241
0.704082		0.517241
0.734694		0.517241
0.765306		0.517241
0.795918		0.517241
0.826531		0.517241
0.857143		0.517241
0.887755		0.517241
0.918367		0.517241
0.94898		0.517241
0.979592		0.517241
1.0102		0.517241
1.04082		0.517241
1.07143		0.517241
1.10204		0.517241
1.13265		0.517241
1.16327		0.517241
1.19388		0.517241
1.22449		0.517241
1.2551		0.517241
1.28571		0.517241
1.31633		0.517241
1.34694		0.517241
1.37755		0.517241
1.40816		0.517241
1.43878		0.517241
1.46939		0.517241
1.5		0.517241
1.51		0.518038
1.52		0.518834
1.53		0.51963
1.54		0.520427
1.55		0.521223
1.56		0.522019
1.57		0.522816
1.58		0.523612
1.59		0.524408
1.6		0.525205
1.61		0.526001
1.62		0.526798
1.63		0.527594
1.64		0.52839
1.65		0.529187
1.66		0.529983
1.67		0.530779
1.68		0.531576
1.69		0.532372
1.7		0.533168
1.71		0.533965
1.72		0.534761
1.73		0.535557
1.74		0.536354
1.75		0.53715
1.76		0.537946
1.77		0.538743
1.78		0.539539
1.79		0.540335
1.8		0.541132
1.81		0.541928
1.82		0.542724
1.83		0.543521
1.84		0.544317
1.85		0.545113
1.86		0.54591
1.87		0.546706
1.88		0.547502
1.89		0.548299
1.9		0.549095
1.91		0.549892
1.92		0.550688
1.93		0.551484
1.94		0.552281
1.95		0.553077
1.96		0.553873
1.97		0.55467
1.98		0.555466
1.99		0.556262
2		0.557059
0		0.537931
0.0306122		0.537931
0.0612245		0.537931
0.0918367		0.537931
0.122449		0.537931
0.153061		0.537931
0.183673		0.537931
0.214286		0.537931
0.244898		0.537931
0.27551		0.537931
0.306122		0.537931
0.336735		0.537931
0.367347		0.537931
0.397959		0.537931
0.428571		0.537931
0.459184		0.537931
0.489796		0.537931
0.520408		0.537931
0.55102		0.537931
0.581633		0.537931
0.612245		0.537931
0.642857		0.537931
0.673469		0.537931
0.704082		0.537931
0.734694		0.537931
0.765306		0.537931
0.795918		0.537931
0.826531		0.537931
0.857143		0.537931
0.887755		0.537931
0.918367		0.537931
0.94898		0.537931
0.979592		0.537931
1.0102		0.537931
1.04082		0.537931
1.07143		0.537931
1.10204		0.537931
1.13265		0.537931
1.16327		0.537931
1.19388		0.537931
1.22449		0.537931
1.2551		0.537931
1.28571		0.537931
1.31633		0.537931
1.34694		0.537931
1.37755		0.537931
1.40816		0.537931
1.43878		0.537931
1.46939		0.537931
1.5		0.537931
1.51		0.538528
1.52		0.539126
1.53		0.539723
1.54		0.54032
1.55		0.540917
1.56		0.541515
1.57		0.542112
1.58		0.542709
1.59		0.543306
1.6		0.543904
1.61		0.544501
1.62		0.545098
1.63		0.545695
1.64		0.546293
1.65		0.54689
1.66		0.547487
1.67		0.548084
1.68		0.548682
1.69		0.549279
1.7		0.549876
1.71		0.550473
1.72		0.551071
1.73		0.551668
1.74		0.552265
1.75		0.552863
1.76		0.55346
1.77		0.554057
1.78		0.554654
1.79		0.555252
1.8		0.555849
1.81		0.556446
1.82		0.557043
1.83		0.557641
1.84		0.558238
1.85		0.558835
1.86		0.559432
1.87		0.56003
1.88		0.560627
1.89		0.561224
1.9		0.561821
1.91		0.562419
1.92		0.563016
1.93		0.563613
1.94		0.56421
1.95		0.564808
1.96		0.565405
1.97		0.566002
1.98		0.566599
1.99		0.567197
2		0.567794
0		0.558621
0.0306122		0.558621
0.0612245		0.558621
0.0918367		0.558621
0.122449		0.558621
0.153061		0.558621
0.183673		0.558621
0.214286		0.558621
0.244898		0.558621
0.27551		0.558621
0.306122		0.558621
0.336735		0.558621
0.367347		0.558621
0.397959		0.558621
0.428571		0.558621
0.459184		0.558621
0.489796		0.558621
0.520408		0.558621
0.55102		0.558621
0.581633		0.558621
0.612245		0.558621
0.642857		0.558621
0.673469		0.558621
0.704082		0.558621
0.734694		0.558621
0.765306		0.558621
0.795918		0.558621
0.826531		0.558621
0.857143		0.558621
0.887755		0.558621
0.918367		0.558621
0.94898		0.558621
0.979592		0.558621
1.0102		0.558621
1.04082		0.558621
1.07143		0.558621
1.10204		0.558621
1.13265		0.558621
1.16327		0.558621
1.19388		0.558621
1.22449		0.558621
1.2551		0.558621
1.28571		0.558621
1.31633		0.558621
1.34694		0.558621
1.37755		0.558621
1.40816		0.558621
1.43878		0.558621
1.46939		0.558621
1.5		0.558621
1.51		0.559019
1.52		0.559417
1.53		0.559815
1.54		0.560213
1.55		0.560612
1.56		0.56101
1.57		0.561408
1.58		0.561806
1.59		0.562204
1.6		0.562602
1.61		0.563001
1.62		0.563399
1.63		0.563797
1.64		0.564195
1.65		0.564593
1.66		0.564991
1.67		0.56539
1.68		0.565788
1.69		0.566186
1.7		0.566584
1.71		0.566982
1.72		0.56738
1.73		0.567779
1.74		0.568177
1.75		0.568575
1.76		0.568973
1.77		0.569371
1.78		0.56977
1.79		0.570168
1.8		0.570566
1.81		0.570964
1.82		0.571362
1.83		0.57176
1.84		0.572159
1.85		0.572557
1.86		0.572955
1.87		0.573353
1.88		0.573751
1.89		0.574149
1.9		0.574548
1.91		0.574946
1.92		0.575344
1.93		0.575742
1.94		0.57614
1.95		0.576538
1.96		0.576937
1.97		0.577335
1.98		0.577733
1.99		0.578131
2		0.578529
0		0.57931
0.0306122		0.57931
0.0612245		0.57931
0.0918367		0.57931
0.122449		0.57931
0.153061		0.57931
0.183673		0.57931
0.214286		0.57931
0.244898		0.57931
0.27551		0.57931
0.306122		0.57931
0.336735		0.57931
0.367347		0.57931
0.397959		0.57931
0.428571		0.57931
0.459184		0.57931
0.489796		0.57931
0.520408		0.57931
0.55102		0.57931
0.581633		0.57931
0.612245		0.57931
0.642857		0.57931
0.673469		0.57931
0.704082		0.57931
0.734694		0.57931
0.765306		0.57931
0.795918		0.57931
0.826531		0.57931
0.857143		0.57931
0.887755		0.57931
0.918367		0.57931
0.94898		0.57931
0.979592		0.57931
1.0102		0.57931
1.04082		0.57931
1.07143		0.57931
1.10204		0.57931
1.13265		0.57931
1.16327		0.57931
1.19388		0.57931
1.22449		0.57931
1.2551		0.57931
1.28571		0.57931
1.31633		0.57931
1.34694		0.57931
1.37755		0.57931
1.40816		0.57931
1.43878		0.57931
1.46939		0.57931
1.5		0.57931
1.51		0.579509
1.52		0.579709
1.53		0.579908
1.54		0.580107
1.55		0.580306
1.56		0.580505
1.57		0.580704
1.58		0.580903
1.59		0.581102
1.6		0.581301
1.61		0.5815
1.62		0.581699
1.63		0.581898
1.64		0.582098
1.65		0.582297
1.66		0.582496
1.67		0.582695
1.68		0.582894
1.69		0.583093
1.7		0.583292
1.71		0.583491
1.72		0.58369
1.73		0.583889
1.74		0.584088
1.75		0.584288
1.76		0.584487
1.77		0.584686
1.78		0.584885
1.79		0.585084
1.8		0.585283
1.81		0.585482
1.82		0.585681
1.83		0.58588
1.84		0.586079
1.85		0.586278
1.86		0.586477
1.87		0.586677
1.88		0.586876
1.89		0.587075
1.9		0.587274
1.91		0.587473
1.92		0.587672
1.93		0.587871
1.94		0.58807
1.95		0.588269
1.96		0.588468
1.97		0.588667
1.98		0.588866
1.99		0.589066
2		0.589265
0		0.6
0.0306122		0.6
0.0612245		0.6
0.0918367		0.6
0.122449		0.6
0.153061		0.6
0.183673		0.6
0.214286		0.6
0.244898		0.6
0.27551		0.6
0.306122		0.6
0.336735		0.6
0.367347		0.6
0.397959		0.6
0.428571		0.6
0.459184		0.6
0.489796		0.6
0.520408		0.6
0.55102		0.6
0.581633		0.6
0.612245		0.6
0.642857		0.6
0.673469		0.6
0.704082		0.6
0.734694		0.6
0.765306		0.6
0.795918		0.6
0.826531		0.6
0.857143		0.6
0.887755		0.6
0.918367		0.6
0.94898		0.6
0.979592		0.6
1.0102		0.6
1.04082		0.6
1.07143		0.6
1.10204		0.6
1.13265		0.6
1.16327		0.6
1.19388		0.6
1.22449		0.6
1.2551		0.6
1.28571		0.6
1.31633		0.6
1.34694		0.6
1.37755		0.6
1.40816		0.6
1.43878		0.6
1.46939		0.6
1.5		0.6
1.51		0.6
1.52		0.6
1.53		0.6
1.54		0.6
1.55		0.6
1.56		0.6
1.57		0.6
1.58		0.6
1.59		0.6
1.6		0.6
1.61		0.6
1.62		0.6
1.63		0.6
1.64		0.6
1.65		0.6
1.66		0.6
1.67		0.6
1.68		0.6
1.69		0.6
1.7		0.6
1.71		0.6
1.72		0.6
1.73		0.6
1.74		0.6
1.75		0.6
1.76		0.6
1.77		0.6
1.78		0.6
1.79		0.6
1.8		0.6
1.81		0.6
1.82		0.6
1.83		0.6
1.84		0.6
1.85		0.6
1.86		0.6
1.87		0.6
1.88		0.6
1.89		0.6
1.9		0.6
1.91		0.6
1.92		0.6
1.93		0.6
1.94		0.6
1.95		0.6
1.96		0.6
1.97		0.6
1.98		0.6
1.99		0.6
2		0.6
